1 0 1
2 1 9
3 2 6
4 3 9
5 4 6
6 5 9
7 6 1
8 7 6
9 8 3
10 9 3
11 10 6
12 11 9
13 12 3
14 13 3
15 14 6
16 15 3
17 16 3
18 17 1
19 18 9
20 19 6
21 20 3
22 21 2
23 22 1
24 23 3
25 24 3
26 25 6
27 26 2
28 27 2
29 28 6
30 29 1
31 30 2
32 31 3
33 32 9
34 33 9
35 34 1
36 35 1
37 36 6
38 37 9
39 38 3
40 39 3
41 40 3
42 41 3
43 42 6
44 43 2
45 44 9
46 45 1
47 46 2
48 47 6
49 48 3
50 49 9
51 50 1
52 51 1
53 52 3
54 53 1
55 54 2
56 55 6
57 56 9
58 57 6
59 58 1
60 59 2
61 60 9
62 61 9
63 62 3
64 63 6
65 64 3
66 65 9
67 66 1
68 67 2
69 68 6
70 69 2
71 70 1
72 71 9
73 72 9
74 73 2
75 74 6
76 75 2
77 76 2
78 77 2
79 78 2
80 79 6
81 80 6
82 81 1
83 82 2
84 83 9
85 84 2
86 85 2
87 86 2
88 87 6
89 88 9
90 89 9
91 90 1
92 91 2
93 92 1
94 93 9
95 94 2
96 95 6
97 96 6
98 97 9
99 98 3
100 99 2
